16.93
16.00
31.61
26.51
33.71
14.69
20.98
34.41
7.04
2.01
29.93
32.02
15.59
30.35
15.71
31.88
32.15
47.66
46.74
45.26
48.26
15.89
15.59
29.43
31.82
48.13
226.04
158.62
172.32
143.38
161.88
142.01
159.98
137.20
158.65
129.67
156.45
132.77
158.11
133.90
159.81
138.56
144.33
216.36
231.03
143.24
168.44
138.85
157.29
127.80
137.68
153.52
128.05
147.50
169.31
141.67
161.76
165.07
137.51
160.10
131.86
157.10
129.60
149.63
127.19
145.98
167.25
140.40
159.88
132.23
157.59
164.74
135.74
142.78
154.57
171.55
142.36
157.29
174.27
173.41
139.85
246.73
157.91
167.04
180.11
139.06
148.59
146.99
159.31
173.20
141.91
149.41
158.55
176.73
186.85
185.35
144.05
153.43
170.65
180.37
174.36
141.80
151.92
165.25
139.06
143.86
170.49
139.10
154.39
170.68
137.02
154.25
166.21
138.75
152.60
168.51
143.40
156.63
190.42
133.56
149.08
167.88
137.46
199.78
321.53
195.55
188.34
144.24
160.23
144.86
152.27
190.56
183.77
181.30
213.43
191.74
192.91
227.24
188.77
135.07
163.15
131.98
156.45
164.03
137.24
157.86
167.97
139.82
154.61
172.40
139.76
153.89
171.01
179.97
141.19
156.77
173.58
139.69
158.54
160.02
176.72
142.66
157.74
174.76
181.35
144.47
139.44
165.25
173.82
180.13
148.05
163.28
165.62
157.98
169.28
136.05
157.96
161.52
130.35
184.38
149.08
174.79
134.45
190.70
147.55
148.78
152.13
162.11
195.39
179.94
187.26
178.71
170.61
189.20
139.52
136.92
149.48
173.19
146.45
185.43
181.59
186.91
155.25
156.27
156.83
161.47
180.91
148.34
151.87
155.47
172.24
144.83
163.52
172.31
173.35
135.58
163.41
158.34
180.49
136.50
162.84
168.71
171.94
175.71
140.76
149.37
152.03
145.32
265.05
330.37
243.88
201.74
198.36
225.12
184.16
164.04
218.93
198.81
220.57
207.09
152.30
198.95
153.43
211.94
180.23
170.83
148.70
163.43
156.04
153.08
156.43
142.63
151.44
159.55
167.65
172.96
133.30
148.66
161.48
158.51
184.57
183.78
140.14
142.92
144.81
152.21
154.20
170.63
175.10
182.20
138.60
155.37
152.75
161.33
174.52
175.31
177.74
140.30
149.31
160.62
168.22
218.61
170.80
135.68
151.72
173.86
134.72
149.80
167.88
140.17
158.00
130.12
149.04
166.45
139.73
159.70
131.40
154.38
128.29
151.88
126.30
138.47
151.31
165.22
138.52
158.11
125.39
142.95
165.62
135.75
150.86
163.57
130.19
146.83
161.42
133.83
151.18
160.00
142.57
141.41
159.85
126.93
148.06
164.60
218.54
204.56
182.26
140.37
157.04
167.00
164.72
201.48
183.63
162.85
174.02
170.88
166.79
174.19
163.96
181.81
177.73
179.33
183.11
143.36
138.91
165.53
141.00
183.47
169.39
170.23
160.39
177.16
173.12
172.96
176.46
169.70
159.15
164.55
170.77
140.98
141.49
148.43
153.27
156.46
169.11
131.10
143.46
155.00
164.23
168.39
138.65
148.88
176.45
180.36
166.89
185.10
180.96
190.18
173.27
182.90
179.36
183.04
195.47
224.22
228.23
185.75
159.53
158.46
160.29
173.77
173.30
183.58
140.48
142.71
152.65
147.63
161.89
159.58
150.03
166.84
172.48
134.37
175.54
142.73
149.31
159.87
154.88
172.78
163.53
252.83
284.11
237.65
183.21
210.62
244.33
213.00
192.07
199.70
206.11
166.74
202.94
201.51
158.71
157.75
171.79
170.21
170.85
184.77
145.15
148.02
148.23
159.76
178.87
144.02
145.71
152.98
156.69
170.52
142.11
141.66
158.37
157.95
175.28
141.80
164.75
159.70
180.08
175.24
168.12
180.05
134.26
149.88
149.03
168.12
167.16
172.47
181.43
142.09
192.78
149.92
184.36
168.20
177.31
181.49
196.01
166.46
169.08
179.34
161.68
173.03
173.06
184.80
183.09
181.60
178.21
135.56
151.56
168.64
179.22
133.24
140.26
150.64
164.58
167.82
176.46
180.61
145.57
147.67
163.84
174.22
174.71
142.09
155.28
154.47
171.89
190.26
179.89
138.94
155.62
170.58
141.21
156.53
167.26
141.54
155.86
172.98
136.63
146.29
139.54
155.64
170.22
166.34
137.21
158.37
173.30
183.01
134.49
152.68
152.74
153.87
158.32
172.17
139.44
185.51
179.52
195.40
182.87
200.37
177.50
136.97
241.55
224.65
200.95
205.49
141.81
141.17
157.71
157.98
172.48
132.50
152.38
145.27
164.34
165.48
179.51
136.92
147.11
155.26
168.19
138.35
156.18
156.03
176.67
180.39
174.54
136.21
160.25
167.85
135.03
148.12
163.18
171.42
178.00
142.64
150.50
155.41
166.99
175.46
183.91
149.22
143.65
151.93
155.60
171.99
179.67
142.82
144.50
149.34
165.89
139.37
148.21
150.61
158.30
183.79
138.75
160.71
172.19
132.63
149.05
156.97
172.36
177.23
142.71
150.05
160.39
170.85
182.83
143.05
141.40
155.47
180.98
186.44
161.70
160.71
175.95
187.27
144.16
140.90
149.03
164.58
172.62
167.05
138.15
146.40
153.28
164.79
173.61
186.48
169.04
133.56
145.43
163.40
165.24
169.92
183.31
150.07
149.26
138.23
201.42
405.85
135.69
156.38
169.14
179.79
148.87
160.03
159.57
124.55
141.14
162.97
132.49
143.83
162.87
169.06
135.83
156.26
126.94
141.68
164.66
133.44
152.10
154.09
132.01
138.39
162.81
132.94
152.03
174.17
150.07
157.64
130.01
138.75
157.79
125.18
146.11
156.20
135.15
170.52
142.50
170.13
136.73
151.86
126.68
145.17
160.26
179.17
143.96
160.43
131.05
144.56
153.34
133.07
137.20
158.87
157.49
177.72
150.13
134.34
191.10
144.63
148.67
141.99
150.96
165.43
134.97
164.01
127.23
161.52
161.57
150.09
144.56
171.40
140.81
153.30
172.32
152.87
173.53
133.92
155.68
173.89
134.88
142.29
160.17
135.46
157.10
161.78
138.66
147.12
172.40
137.50
150.97
171.19
144.25
158.62
172.96
137.25
155.03
162.15
166.47
166.51
172.83
140.20
160.09
128.57
160.02
128.04
156.21
126.29
145.53
155.74
169.53
173.66
149.51
156.94
130.92
138.97
164.50
133.31
149.45
165.87
145.77
153.15
127.98
133.36
157.23
175.11
140.39
142.13
166.12
143.76
169.28
140.29
169.24
174.27
152.98
161.16
131.97
153.70
161.95
126.97
174.65
138.33
148.95
163.81
159.97
175.12
138.74
158.19
162.74
173.59
178.77
150.29
153.46
165.18
129.16
142.13
158.56
166.80
166.95
141.66
143.87
164.32
170.23
141.42
157.87
132.44
148.99
165.69
168.79
155.41
131.42
152.10
122.64
155.57
165.11
148.02
167.92
145.59
156.34
134.67
144.19
124.22
135.80
158.72
167.11
150.37
164.52
141.19
146.62
172.50
141.93
162.38
134.13
169.22
143.49
135.62
156.88
131.83
147.91
120.63
140.85
165.05
143.67
161.77
123.99
153.79
128.42
149.85
170.80
136.98
162.45
133.07
153.99
128.51
160.33
131.83
154.44
125.95
159.93
168.05
147.11
156.76
180.46
126.54
145.88
155.85
131.94
188.69
174.26
139.33
135.86
146.61
165.64
130.16
164.63
138.81
162.57
134.35
144.52
166.94
140.12
159.87
132.80
152.38
158.38
131.40
147.58
171.40
132.15
148.05
154.30
133.82
143.42
170.13
136.07
153.19
127.34
141.38
169.75
146.58
157.54
130.98
143.25
163.15
135.22
154.16
129.21
149.36
164.27
173.64
133.59
156.87
126.61
147.25
166.94
184.01
251.43
155.63
175.38
179.54
144.81
160.48
127.00
142.00
163.86
133.67
150.54
170.58
132.20
142.47
164.87
128.17
144.14
160.20
133.93
147.25
123.69
136.64
165.18
127.66
158.17
126.58
142.34
168.34
143.31
158.39
169.87
135.83
165.36
136.15
152.32
128.37
158.34
126.24
147.19
166.20
127.90
146.50
158.68
144.70
151.23
132.80
155.34
126.54
142.96
164.31
128.51
154.23
127.78
160.16
131.71
162.90
133.74
166.87
141.10
127.48
148.27
170.67
139.08
165.48
133.49
165.27
126.86
145.22
162.95
128.40
166.78
171.89
289.88
141.24
147.24
165.45
134.74
151.97
155.01
154.46
139.02
144.26
170.60
138.82
150.40
176.66
138.49
159.84
126.74
147.05
174.63
135.02
147.67
171.87
141.39
158.21
128.72
150.80
171.14
136.76
166.32
157.30
133.85
140.97
167.02
143.48
182.21
142.69
127.93
137.74
163.36
136.04
156.03
127.48
141.67
166.96
129.23
140.61
165.89
168.92
147.32
148.16
156.47
127.33
155.18
128.01
153.00
168.11
144.00
155.17
133.39
142.03
172.52
143.06
167.96
133.31
168.20
138.28
154.78
166.97
149.00
155.72
131.84
150.87
124.25
154.06
178.87
281.42
159.14
159.71
166.27
181.52
138.04
165.44
170.28
154.30
160.42
138.21
143.70
172.21
141.78
150.70
126.24
154.43
130.42
161.27
139.02
149.63
172.85
138.70
145.89
169.45
142.57
159.61
128.19
148.74
154.15
130.33
135.13
161.42
132.00
154.24
170.52
277.42
189.40
132.83
163.66
175.84
136.54
138.50
147.75
154.80
162.17
170.15
133.57
149.20
155.59
168.82
174.28
143.12
157.81
128.39
285.97
181.69
158.73
158.45
131.18
134.71
153.31
169.53
140.36
149.60
195.78
131.21
150.77
165.97
16.09
31.59
30.73
48.34
48.05
32.10
32.01
31.67
47.65
48.23
29.59
32.49
32.52
45.99
47.66
46.75
32.32
31.69
47.78
46.45
47.65
15.88
16.22
15.31
15.49
16.63
15.26
32.03
32.49
176.39
126.25
155.51
134.03
161.39
138.70
163.88
138.28
165.25
126.89
149.61
127.41
153.01
131.45
156.64
133.86
161.29
139.73
163.71
137.86
157.42
186.60
248.03
162.77
138.45
159.69
133.64
156.51
173.87
143.03
160.11
174.70
142.34
158.16
126.47
145.83
166.75
143.68
162.98
136.89
159.14
132.44
157.66
133.53
160.61
137.01
159.59
138.72
160.15
137.19
159.99
138.74
149.62
142.04
151.49
258.74
140.23
140.67
162.91
172.61
143.49
158.12
173.72
139.54
159.27
174.33
142.20
316.37
232.84
220.20
195.32
175.71
182.42
140.10
184.94
183.51
149.18
163.18
217.01
185.43
159.55
150.34
169.42
179.43
142.72
157.34
170.41
137.17
148.91
260.18
246.51
220.12
166.87
183.68
157.68
168.58
170.57
186.35
187.95
141.34
149.26
150.14
158.01
172.53
165.60
172.82
143.08
158.90
158.37
130.70
141.10
157.58
174.24
143.92
149.16
165.97
127.50
150.68
159.85
134.09
155.99
170.71
144.09
157.98
168.82
137.28
154.22
173.66
141.84
204.44
286.57
164.30
221.73
190.34
184.77
159.70
151.25
159.90
170.08
138.45
234.75
133.38
146.20
154.49
154.71
165.64
138.39
159.19
129.54
153.71
126.30
154.73
124.93
145.51
124.95
149.36
169.00
277.87
166.54
150.40
173.59
142.35
159.92
139.17
160.68
135.90
154.44
127.91
147.35
169.33
139.35
159.54
134.50
159.39
134.87
153.89
181.05
278.75
165.38
165.62
134.49
154.43
127.92
154.91
122.64
143.82
168.65
144.22
168.17
188.32
149.28
149.37
239.49
171.46
144.31
301.22
245.16
191.89
245.24
186.21
174.55
135.72
146.12
154.57
170.43
170.60
143.79
222.37
170.41
215.55
323.82
184.63
380.55
175.96
141.83
160.19
175.36
142.76
168.86
138.52
159.45
133.35
152.42
125.72
149.38
122.61
149.25
127.38
150.84
126.61
152.86
124.96
134.91
158.08
133.54
153.73
132.68
204.93
266.60
133.40
155.81
128.28
149.52
174.24
138.52
155.67
170.87
144.08
168.71
138.67
159.81
132.67
152.98
124.88
152.12
124.90
148.86
221.06
276.32
128.36
131.01
154.80
127.88
143.62
168.54
137.31
159.34
131.08
151.84
123.28
143.06
165.65
141.87
290.32
175.22
175.44
144.49
160.02
133.15
154.63
127.82
153.37
168.77
143.79
165.59
138.56
159.13
133.67
149.45
122.46
149.69
125.97
152.03
266.78
156.30
146.98
170.82
140.80
157.76
131.43
149.40
164.26
131.65
155.40
171.52
138.75
159.71
133.80
157.86
126.01
147.34
126.91
144.32
167.48
143.95
164.99
142.12
212.12
259.78
141.93
157.34
128.29
152.33
170.92
138.39
161.02
133.98
154.94
128.42
148.35
163.64
135.93
157.56
293.18
130.01
149.70
174.95
133.44
146.82
161.00
154.35
165.71
180.68
142.85
155.87
126.42
145.61
166.83
141.44
159.70
138.24
158.64
130.24
151.33
124.07
150.85
123.47
142.44
165.56
144.27
159.98
142.07
160.56
133.64
158.88
132.07
158.15
126.83
157.56
134.76
154.73
126.16
146.79
167.62
141.25
165.10
142.59
160.51
138.19
157.86
131.20
154.02
170.62
281.43
166.81
157.75
170.24
142.17
145.79
150.54
302.57
173.20
218.30
187.74
162.93
215.31
188.15
166.94
133.70
154.84
154.87
154.33
166.29
174.38
142.12
151.33
160.81
159.12
175.99
133.15
149.00
159.89
167.32
181.66
136.78
146.52
209.76
154.34
165.52
132.89
152.59
167.31
142.93
157.13
127.52
148.42
164.67
126.42
150.47
170.13
141.02
155.87
127.95
148.33
165.91
132.89
154.88
127.94
148.22
166.17
135.12
150.73
170.51
142.56
159.05
132.24
147.43
164.47
136.83
152.24
170.18
140.23
160.00
134.29
149.89
170.10
142.18
159.96
276.33
236.36
139.25
152.72
160.71
175.11
142.09
157.65
175.22
140.68
155.46
168.44
136.18
150.58
170.18
395.84
247.45
146.51
190.69
231.20
172.30
173.68
176.23
194.44
207.04
215.93
176.59
173.34
213.81
142.41
158.94
167.45
268.84
395.98
178.55
139.36
144.63
169.43
131.50
145.21
160.30
128.13
151.26
165.58
169.79
140.29
200.03
258.82
165.84
137.07
149.57
165.63
134.70
152.97
170.45
136.74
151.51
163.29
135.66
146.33
166.63
229.00
252.81
141.39
156.18
172.68
137.57
151.84
169.87
133.41
150.43
167.19
133.94
144.77
164.78
128.94
280.78
206.40
167.37
175.21
158.60
135.51
145.81
160.32
173.18
139.99
156.88
175.93
141.76
154.40
156.91
307.54
179.31
174.23
139.02
155.88
174.23
141.87
153.75
139.61
